0.11,0.89
0.098,0.902
0.144,0.856
0.124,0.876
0.051,0.949
0.054,0.946
0.052,0.948
0.181,0.819
0.148,0.852
0.238,0.762
0.133,0.867
0.102,0.898
0.048,0.952
0.159,0.841
0.051,0.949
0.109,0.891
0.112,0.888
0.048,0.952
0.207,0.793
0.154,0.846
0.203,0.797
0.137,0.863
0.077,0.923
0.044,0.956
0.226,0.774
0.196,0.804
0.101,0.899
0.482,0.531,0.352,0.463,0.379,0.543,0.277,0.448,0.478,0.4,0.192,0.473,0.36,0.334,0.198,0.041,0.518,0.469,0.648,0.537,0.621,0.457,0.723,0.552,0.522,0.6,0.808,0.527,0.64,0.666,0.802,0.959
0.562,0.356,0.405,0.366,0.584,0.363,0.266,0.166,0.438,0.644,0.595,0.634,0.416,0.637,0.734,0.834
0.687,0.647,0.529,0.346,0.313,0.353,0.471,0.654
0.638,0.575,0.604,0.596,0.643,0.64,0.604,0.529,0.467,0.312,0.231,0.372,0.399,0.337,0.178,0.21,0.522,0.481,0.318,0.33,0.412,0.264,0.335,0.253,0.399,0.506,0.428,0.256,0.297,0.19,0.167,0.117,0.362,0.425,0.396,0.404,0.357,0.36,0.396,0.471,0.533,0.688,0.769,0.628,0.601,0.663,0.822,0.79,0.478,0.519,0.682,0.67,0.588,0.736,0.665,0.747,0.601,0.494,0.572,0.744,0.703,0.81,0.833,0.883
0.494,0.567,0.609,0.677,0.598,0.402,0.24,0.058,0.506,0.433,0.391,0.323,0.402,0.598,0.76,0.942
0.677,0.677,0.632,0.219,0.323,0.323,0.368,0.781
0.425,0.302,0.348,0.315,0.575,0.698,0.652,0.685
0.69,0.386,0.423,0.291,0.356,0.157,0.225,0.049,0.31,0.614,0.577,0.709,0.644,0.843,0.775,0.951
0.554,0.439,0.365,0.262,0.287,0.192,0.122,0.11,0.446,0.561,0.635,0.738,0.713,0.808,0.878,0.89
0.505,0.379,0.529,0.527,0.506,0.303,0.236,0.111,0.495,0.621,0.471,0.473,0.494,0.697,0.764,0.889
0.53,0.478,0.486,0.191,0.47,0.522,0.514,0.809
0.588,0.496,0.421,0.507,0.371,0.451,0.537,0.242,0.437,0.431,0.377,0.267,0.306,0.149,0.084,0.05,0.412,0.504,0.579,0.493,0.629,0.549,0.463,0.758,0.563,0.569,0.623,0.733,0.694,0.851,0.916,0.95
0.647,0.542,0.389,0.361,0.283,0.301,0.253,0.052,0.353,0.458,0.611,0.639,0.717,0.699,0.747,0.948
